060310,3S,53059040,0,1017, 
095570,AJ네트웍스,45252759,0,1823, 
265520,AP시스템,15281421,0,2776, 
211270,AP위성,15082304,0,2064, 
027410,BGF,95716791,0,3330, 
282330,BGF리테일,17283906,0,18441, 
126600,BGF에코머티리얼즈,62766899,0,1892, 
138930,BNK금융지주,320436727,0,37491, 
001040,CJ,29176998,0,31540, 
079160,CJ CGV,165580248,0,8543, 
035760,CJ ENM,21929154,0,13530, 
000120,CJ대한통운,22812344,0,22150, 
011150,CJ씨푸드,35930773,0,1130, 
097950,CJ제일제당,15054186,0,37334, 
051500,CJ프레시웨이,11871586,0,2522, 
058820,CMG제약,138892244,0,2708, 
000480,CR홀딩스,46890490,0,2560, 
012030,DB,201173933,0,2742, 
016610,DB금융투자,42446389,0,2546, 
005830,DB손해보험,70800000,0,70021, 
000990,DB하이텍,44398588,0,20623, 
139130,DGB금융지주,169145833,0,16204, 
000210,DL,20955884,0,7135, 
375500,DL이앤씨,38693623,0,15535, 
068790,DMS,23987123,0,1535, 
007340,DN오토모티브,58510865,0,12667, 
004840,DRB동일,19930000,0,881, 
241520,DSC인베스트먼트,27496125,0,1361, 
155660,DSR,16000000,0,646, 
069730,DSR제강,14400000,0,535, 
017860,DS단석,17584212,0,5459, 
017940,E1,6860000,0,4541, 
383220,F&F,38307075,0,28155, 
007700,F&F홀딩스,39114367,0,4947, 
130500,GH신소재,14545052,0,403, 
114090,GKL,61855670,0,7088, 
078930,GS,92915378,0,38188, 
083450,GST,18430000,0,3842, 
006360,GS건설,85581490,0,15866, 
001250,GS글로벌,82533764,0,2228, 
007070,GS리테일,83607415,0,13368, 
499790,GS피앤엘,19830841,0,4511, 
297890,HB솔루션,73140914,0,2249, 
440290,HB인베스트먼트,27107010,0,500, 
078150,HB테크놀러지,92715916,0,2512, 
012630,HDC,59741721,0,8035, 
039570,HDC랩스,25957601,0,2206, 
089470,HDC현대EP,31900000,0,1127, 
294870,HDC현대산업개발,65907330,0,12416, 
009540,HD한국조선해양,70773116,0,151454, 
267250,HD현대,78993085,0,60508, 
267270,HD현대건설기계,18305586,0,13198, 
443060,HD현대마린솔루션,44829210,0,64150, 
071970,HD현대마린엔진,33921495,0,9124, 
010620,HD현대미포,39942149,0,43177, 
322000,HD현대에너지솔루션,11200000,0,2906, 
042670,HD현대인프라코어,192655867,0,16761, 
267260,HD현대일렉트릭,36047135,0,135176, 
329180,HD현대중공업,88773116,0,267207, 
195940,HK이노엔,28329891,0,10623, 
204320,HL만도,46957120,0,20825, 
060980,HL홀딩스,9874070,0,3534, 
011200,HMM,881039496,0,164490, 
403870,HPSP,83498568,0,26093, 
036640,HRS,16354800,0,807, 
487570,HS효성,3725927,0,1179, 
298050,HS효성첨단소재,4479948,0,9139, 
095340,ISC,21197058,0,15876, 
175330,JB금융지주,193907972,0,35679, 
234080,JW생명과학,15834554,0,1678, 
001060,JW중외제약,23285930,0,5390, 
096760,JW홀딩스,73924942,0,2254, 
035900,JYP Ent.,35532492,0,29243, 
318000,KBG,8740223,0,433, 
024840,KBI메탈,34909199,0,747, 
105560,KB금융,393528423,0,325448, 
024120,KB오토시스,11500000,0,361, 
002380,KCC,8886471,0,24482, 
344820,KCC글라스,15970512,0,5429, 
036670,KCI,11270000,0,706, 
009070,KCTC,30000000,0,1168, 
092220,KEC,200763141,0,1798, 
046440,KG모빌리언스,38825568,0,1721, 
003620,KG모빌리티,196404254,0,7591, 
016380,KG스틸,100008897,0,6260, 
151860,KG에코솔루션,49103002,0,2695, 
035600,KG이니시스,27904434,0,2463, 
001390,KG케미칼,68469040,0,2690, 
060720,KH바텍,23677442,0,2360, 
001940,KISCO홀딩스,14176380,0,2748, 
058400,KNN,132429720,0,1063, 
025000,KPX케미칼,4840000,0,2110, 
092230,KPX홀딩스,4224646,0,2306, 
044450,KSS해운,23085880,0,2036, 
030200,KT,252021685,0,118954, 
033780,KT&G,125362497,0,130502, 
058850,KTcs,42685000,0,1216, 
058860,KTis,34802000,0,950, 
122450,KX,45335964,0,1602, 
052900,KX하이텍,55107517,0,555, 
376190,LB루셈,24600000,0,0, 
061970,LB세미콘,58083006,0,2439, 
309960,LB인베스트먼트,23217239,0,1042, 
093050,LF,29240000,0,4839, 
003550,LG,157300993,0,111054, 
034220,LG디스플레이,500000000,0,49500, 
051900,LG생활건강,15618197,0,51540, 
064400,LG씨엔에스,96885948,0,50090, 
373220,LG에너지솔루션,234000000,0,885690, 
032640,LG유플러스,436611361,0,46455, 
011070,LG이노텍,23667107,0,39192, 
066570,LG전자,163647814,0,134845, 
037560,LG헬로비전,77446865,0,1909, 
051910,LG화학,70592343,0,177186, 
079550,LIG넥스원,22000000,0,68750, 
225190,LK삼양,50748440,0,1172, 
006260,LS,32200000,0,38736, 
010120,LS ELECTRIC,30000000,0,82800, 
000680,LS네트웍스,78803016,0,3364, 
060370,LS마린솔루션,32668854,0,5739, 
417200,LS머트리얼즈,67652659,0,8646, 
229640,LS에코에너지,30624879,0,11989, 
078020,LS증권,55481190,0,2244, 
108320,LX세미콘,16264300,0,10653, 
001120,LX인터내셔널,38760000,0,11046, 
108670,LX하우시스,8967670,0,2829, 
383800,LX홀딩스,76280690,0,5232, 
476080,M83,7785000,0,1238, 
086960,MDS테크,92821788,0,1148, 
035420,NAVER,158437008,0,358859, 
160550,NEW,27906106,0,646, 
053290,NE능률,16526307,0,696, 
181710,NHN,33766123,0,6871, 
060250,NHN KCP,40160611,0,3365, 
104200,NHN벅스,14827550,0,438, 
005940,NH투자증권,327492299,0,49418, 
034310,NICE,37128442,0,3961, 
030190,NICE평가정보,59506593,0,7349, 
008260,NI스틸,28600117,0,1001, 
004250,NPC,36720000,0,1534, 
456040,OCI,8952495,0,5854, 
010060,OCI홀딩스,19127353,0,15435, 
178920,PI첨단소재,29366322,0,5931, 
024940,PN풍년,10000000,0,763, 
005490,POSCO홀딩스,82624377,0,233000, 
218410,RFHIC,26484442,0,4833, 
327260,RF머트리얼즈,8433231,0,527, 
474610,RF시스템즈,12924863,0,792, 
010950,S-Oil,112582792,0,67324, 
019550,SBI인베스트먼트,162066575,0,1231, 
034120,SBS,18551238,0,4285, 
036120,SCI평가정보,35500000,0,811, 
099220,SDN,56171811,0,649, 
036540,SFA반도체,164460303,0,5887, 
040610,SG&G,34087196,0,535, 
005090,SGC에너지,14409333,0,3378, 
001380,SG글로벌,44964143,0,1526, 
004060,SG세계물산,202424960,0,665, 
002360,SH에너지화학,111133730,0,556, 
009160,SIMPAC,65429516,0,2502, 
033530,SJG세종,27820961,0,1185, 
123700,SJM,15604898,0,453, 
034730,SK,72502703,0,107376, 
011790,SKC,37868298,0,55401, 
018670,SK가스,9230244,0,22891, 
001740,SK네트웍스,221277902,0,10034, 
006120,SK디스커버리,18785855,0,6913, 
210980,SK디앤디,18617382,0,1521, 
302440,SK바이오사이언스,78347293,0,37489, 
326030,SK바이오팜,78313250,0,90138, 
402340,SK스퀘어,133548056,0,133681, 
361610,SK아이이테크놀로지,71297592,0,19713, 
100090,SK오션플랜트,59195568,0,8974, 
096770,SK이노베이션,151034776,0,199970, 
475150,SK이터닉스,33691895,0,5013, 
001510,SK증권,472590171,0,2287, 
285130,SK케미칼,17253783,0,7755, 
017670,SK텔레콤,214790053,0,125007, 
000660,SK하이닉스,728002365,0,1525164, 
048550,SM C&C,96714620,0,1466, 
063440,SM Life Design,46029154,0,640, 
003570,SNT다이내믹스,33252697,0,10590, 
064960,SNT모티브,14623136,0,4065, 
100840,SNT에너지,20680783,0,6142, 
036530,SNT홀딩스,16303886,0,5119, 
067160,SOOP,11494767,0,12276, 
005610,SPC삼립,8629009,0,4124, 
465770,STX그린로지스,7171032,0,659, 
077970,STX엔진,23008904,0,6361, 
289080,SV인베스트먼트,53459563,0,781, 
002710,TCC스틸,26213697,0,7536, 
032540,TJ미디어,13931609,0,665, 
022220,TKG애강,51794579,0,497, 
069260,TKG휴켐스,40878588,0,6822, 
007980,TP,51175130,0,747, 
246690,TS인베스트먼트,41477862,0,577, 
002900,TYM,45050956,0,2306, 
024070,WISCOM,15326438,0,288, 
057030,YBM넷,16312697,0,663, 
037270,YG PLUS,63429410,0,3298, 
040300,YTN,42000000,0,1314, 
052220,iMBC,23000000,0,854, 
079940,가비아,13535684,0,2211, 
000500,가온전선,16543115,0,9429, 
399720,가온칩스,11597320,0,6100, 
036620,감성코퍼레이션,92906558,0,3247, 
000860,강남제비스코,6500000,0,1599, 
198440,강동씨앤엘,60931896,0,821, 
035250,강원랜드,213940500,0,35214, 
114190,강원에너지,26123038,0,2489, 
094480,갤럭시아머니트리,39229838,0,2965, 
011420,갤럭시아에스엠,27549644,0,562, 
039240,경남스틸,26979604,0,1245, 
002100,경농,19522575,0,1821, 
009450,경동나비엔,14568592,0,11698, 
267290,경동도시가스,5895406,0,1038, 
012320,경동인베스트,2365023,0,1695, 
011040,경동제약,30768766,0,1812, 
000050,경방,27415270,0,1729, 
012610,경인양행,41616365,0,1227, 
009140,경인전자,1570797,0,300, 
024910,경창산업,35819005,0,683, 
013580,계룡건설,8930907,0,1185, 
002140,고려산업,24939425,0,739, 
049720,고려신용정보,14300000,0,1408, 
002240,고려제강,27000000,0,4905, 
014570,고려제약,11000000,0,568, 
348150,고바이오랩,19373850,0,976, 
950190,고스트스튜디오,13579892,0,1090, 
098460,고영,68654755,0,12975, 
215000,골프존,6275415,0,3853, 
121440,골프존뉴딘홀딩스,42836818,0,1539, 
366030,공구우먼,22653850,0,1059, 
009290,광동제약,52420851,0,2993, 
017040,광명전기,43337615,0,669, 
017900,광전자,57943763,0,1078, 
037710,광주신세계,7957190,0,2363, 
030610,교보증권,113962961,0,7475, 
339770,교촌에프앤비,49965080,0,2783, 
053270,구영테크,27410405,0,635, 
007690,국도화학,9010616,0,3063, 
066620,국보디자인,7500000,0,1305, 
043650,국순당,17858304,0,855, 
006050,국영지앤엠,34895243,0,595, 
307750,국전약품,49069269,0,1746, 
002720,국제약품,21159832,0,1062, 
035080,그래디언트,13676598,0,1780, 
453450,그리드위즈,7942750,0,1382, 
204020,그리티,20147430,0,562, 
402490,그린리소스,8265944,0,1326, 
083420,그린케미칼,24000000,0,1680, 
014530,극동유화,34869420,0,1222, 
204620,글로벌텍스프리,70283330,0,2920, 
014280,금강공업,29329357,0,1199, 
008870,금비,1000000,0,594, 
282720,금양그린파워,12119500,0,1164, 
011780,금호석유,27334587,0,33594, 
214330,금호에이치티,213914131,0,1388, 
073240,금호타이어,287260287,0,14592, 
036190,금화피에스시,6000000,0,1533, 
049080,기가레인,84883347,0,441, 
420770,기가비스,12675758,0,4011, 
092440,기신정기,29200000,0,705, 
000270,기아,397672632,0,376198, 
024110,기업은행,797425869,0,123601, 
004540,깨끗한나라,37240693,0,882, 
407400,꿈비,12259474,0,1107, 
121600,나노신소재,12196078,0,8903, 
039860,나노엔텍,32110082,0,1162, 
417010,나노팀,19724328,0,1506, 
405920,나라셀라,12878076,0,359, 
051490,나라엠앤디,14200000,0,558, 
190510,나무가,15473797,0,2020, 
242040,나무기술,34606264,0,497, 
089600,나스미디어,11568163,0,1635, 
293580,나우IB,94929950,0,1155, 
138610,나이벡,10893117,0,1728, 
036800,나이스정보통신,10000000,0,1735, 
008350,남선알미늄,129079090,0,1861, 
004270,남성,36212160,0,390, 
025860,남해화학,49678843,0,3333, 
253590,네오셈,43869164,0,5273, 
212560,네오오토,7874963,0,716, 
095660,네오위즈,21856816,0,4502, 
042420,네오위즈홀딩스,8856866,0,1513, 
311390,네오크레마,12653789,0,850, 
092730,네오팜,16027989,0,1912, 
306620,네온테크,43463871,0,1199, 
330860,네패스아크,12184045,0,1633, 
005720,넥센,53543977,0,2374, 
002350,넥센타이어,97667877,0,5322, 
389650,넥스트바이오메디컬,8088186,0,4359, 
348210,넥스틴,10457250,0,5772, 
092790,넥스틸,26002000,0,2568, 
225570,넥슨게임즈,65860174,0,9345, 
217270,넵튠,46676150,0,2926, 
251270,넷마블,85953502,0,40312, 
090350,노루페인트,20000000,0,1556, 
000320,노루홀딩스,13291151,0,1866, 
473980,노머스,10867617,0,2418, 
194700,노바렉스,18754848,0,1567, 
285490,노바텍,10575831,0,1945, 
145170,노브랜드,16908405,0,1100, 
006280,녹십자,11686538,0,15578, 
142280,녹십자엠에스,21741926,0,804, 
234690,녹십자웰빙,17752276,0,1645, 
005250,녹십자홀딩스,47028210,0,6776, 
004370,농심,6082642,0,21289, 
072710,농심홀딩스,4637790,0,3009, 
054050,농우바이오,16030561,0,1211, 
270870,뉴트리,9200224,0,575, 
144960,뉴파워프라즈마,43692624,0,2210, 
085670,뉴프렉스,24450761,0,1352, 
064260,다날,68949040,0,2116, 
039560,다산네트웍스,39613981,0,1481, 
058730,다스코,18796941,0,592, 
023590,다우기술,44866617,0,8582, 
032190,다우데이타,38300000,0,4113, 
323350,다원넥스뷰,8010772,0,620, 
068240,다원시스,38163437,0,4262, 
464580,닷밀,9147948,0,549, 
008060,대덕,33890150,0,2446, 
353200,대덕전자,49416925,0,9661, 
000490,대동,25640788,0,3074, 
008830,대동기어,8987520,0,1851, 
048470,대동스틸,10000000,0,330, 
004780,대륙제관,15903199,0,612, 
005750,대림B&Co,16672240,0,665, 
389260,대명에너지,17050000,0,2080, 
317850,대모,8324420,0,794, 
290670,대보마그네틱,7857660,0,1257, 
078140,대봉엘에스,11086579,0,1505, 
001680,대상,34648025,0,7969, 
084690,대상홀딩스,36212538,0,4312, 
036480,대성미생물,3800000,0,341, 
128820,대성산업,45235478,0,1558, 
117580,대성에너지,27500000,0,2219, 
027830,대성창투,54000000,0,1011, 
104040,대성파인텍,47224987,0,390, 
129920,대성하이텍,13715053,0,433, 
020180,대신정보통신,38428915,0,457, 
003540,대신증권,50773400,0,8763, 
045390,대아티아이,70473377,0,2322, 
108380,대양전기공업,9567333,0,1593, 
014160,대영포장,108394549,0,1632, 
047040,대우건설,415622638,0,14775, 
003090,대웅,58141980,0,12297, 
069620,대웅제약,11586575,0,15340, 
000430,대원강업,62000000,0,2337, 
048910,대원미디어,12578946,0,1138, 
006340,대원전선,74979175,0,2470, 
003220,대원제약,22427583,0,3243, 
120240,대정화금,7190391,0,946, 
003310,대주산업,35392350,0,535, 
078600,대주전자재료,15480593,0,17013, 
012800,대창,91140499,0,1247, 
015230,대창단조,28572230,0,1491, 
131220,대한과학,7454490,0,333, 
054670,대한뉴팜,14354920,0,1007, 
023910,대한약품,6000000,0,1560, 
006650,대한유화,6500000,0,6597, 
001440,대한전선,186447300,0,24070, 
084010,대한제강,23414397,0,3629, 
001790,대한제당,89696580,0,2408, 
001130,대한제분,1690000,0,2186, 
003490,대한항공,368220661,0,90029, 
005880,대한해운,321209950,0,5756, 
016090,대현,44282310,0,1033, 
067080,대화제약,18616650,0,2012, 
298540,더네이쳐홀딩스,14765856,0,1457, 
475560,더본코리아,14657120,0,4521, 
192080,더블유게임즈,21495906,0,10651, 
393890,더블유씨피,33843144,0,3844, 
299170,더블유에스아이,30027963,0,528, 
012510,더존비즈온,30382784,0,23425, 
213420,덕산네오룩스,24831179,0,8008, 
317330,덕산테코피아,20476584,0,7699, 
077360,덕산하이메탈,45437002,0,2076, 
004830,덕성,15680000,0,1301, 
090410,덕신이피씨,46084095,0,770, 
024900,덕양산업,32564980,0,913, 
263600,덕우전자,15930310,0,828, 
194480,데브시스터즈,12043150,0,4191, 
373160,데이원컴퍼니,13605424,0,915, 
263800,데이타솔루션,16219380,0,809, 
206560,덱스터,25411736,0,1989, 
261200,덴티스,15809700,0,1011, 
145720,덴티움,11068830,0,7914, 
067990,도이치모터스,29181550,0,1356, 
002150,도화엔지니어링,33720000,0,2265, 
006620,동구바이오제약,28464992,0,1434, 
100130,동국S&C,57143000,0,1388, 
005160,동국산업,54244482,0,2386, 
303810,동국생명과학,15992070,0,2264, 
460850,동국씨엠,29898656,0,2018, 
075970,동국알앤에스,18400000,0,499, 
460860,동국제강,49608017,0,4782, 
086450,동국제약,44460000,0,7104, 
001230,동국홀딩스,31800483,0,2365, 
004140,동방,47971766,0,1038, 
240550,동방메디컬,20586940,0,2641, 
099410,동방선기,14000000,0,453, 
026960,동서,99700000,0,23878, 
102260,동성케미컬,49689728,0,1947, 
033500,동성화인텍,29989494,0,6312, 
025950,동신건설,8400000,0,3985, 
000640,동아쏘시오홀딩스,6348913,0,6209, 
170900,동아에스티,9172975,0,4678, 
088130,동아엘텍,17485314,0,600, 
028100,동아지질,13389502,0,1916, 
041930,동아화성,15800000,0,895, 
001520,동양,238684063,0,1601, 
082640,동양생명,161358585,0,7874, 
079960,동양이엔피,7860000,0,1599, 
008970,동양철관,157052160,0,1050, 
092780,동양피스톤,13168460,0,618, 
094170,동운아나텍,19067208,0,3937, 
049770,동원F&B,19295620,0,6000, 
006040,동원산업,39624084,0,13888, 
014820,동원시스템즈,28991282,0,11161, 
111380,동인기연,6128000,0,1073, 
163560,동일고무벨트,13900000,0,1125, 
005290,동진쎄미켐,51414494,0,14576, 
025900,동화기업,50557285,0,6653, 
000020,동화약품,27931470,0,1748, 
000150,두산,16523835,0,62129, 
454910,두산로보틱스,64819980,0,46670, 
241560,두산밥캣,100249166,0,49723, 
034020,두산에너빌리티,640561146,0,185442, 
131970,두산테스나,19327238,0,6435, 
336260,두산퓨얼셀,65493726,0,10891, 
016740,두올,31304984,0,910, 
176750,듀켐바이오,28455220,0,3386, 
203650,드림시큐리티,50605754,0,1844, 
223250,드림씨아이에스,23799324,0,747, 
060570,드림어스컴퍼니,75621573,0,1353, 
362990,드림인사이트,16800574,0,325, 
192650,드림텍,68890041,0,5394, 
024090,디씨엠,11400000,0,1323, 
003160,디아이,28300000,0,5082, 
092200,디아이씨,38888569,0,2022, 
110990,디아이티,18900000,0,3252, 
214680,디알텍,74015254,0,1583, 
347850,디앤디파마텍,10568069,0,5918, 
263720,디앤씨미디어,12524473,0,2305, 
376300,디어유,23738406,0,10622, 
092070,디엔에프,11571858,0,1392, 
039840,디오,14981755,0,2546, 
013570,디와이,26319633,0,1080, 
210540,디와이파워,11041708,0,1364, 
104460,디와이피엔에프,10713625,0,1532, 
079810,디이엔티,22028094,0,1524, 
068930,디지털대성,27675342,0,2056, 
033130,디지틀조선,37115267,0,652, 
105740,디케이락,10168513,0,785, 
263020,디케이앤디,14499831,0,462, 
290550,디케이티,20001230,0,1664, 
066670,디티씨,18691918,0,571, 
187220,디티앤씨,11698021,0,393, 
462510,라메디텍,8650735,0,732, 
042510,라온시큐어,56025871,0,1201, 
232680,라온테크,12534234,0,1268, 
300120,라온피플,20860012,0,965, 
171120,라이온켐텍,35901760,0,825, 
388790,라이콤,29913930,0,861, 
171010,램테크놀러지,14298752,0,688, 
443250,레뷰코퍼레이션,11344691,0,1492, 
228670,레이,15513053,0,1296, 
228850,레이언스,16591014,0,1129, 
199550,레이저옵텍,12044791,0,878, 
281740,레이크머티리얼즈,65730548,0,13080, 
277810,레인보우로보틱스,19399858,0,78472, 
215100,로보로보,20348454,0,883, 
090360,로보스타,9750000,0,2656, 
108490,로보티즈,13207510,0,4437, 
071280,로체시스템즈,15296603,0,2741, 
089860,롯데렌탈,36309388,0,10711, 
000400,롯데손해보험,310336320,0,5778, 
023530,롯데쇼핑,28288755,0,18670, 
020150,롯데에너지머티리얼즈,46110835,0,13741, 
280360,롯데웰푸드,9434574,0,10613, 
286940,롯데이노베이트,15129367,0,3131, 
004000,롯데정밀화학,25800000,0,10977, 
004990,롯데지주,104909237,0,23971, 
005300,롯데칠성,9278884,0,9826, 
011170,롯데케미칼,42775419,0,30156, 
071840,롯데하이마트,23607712,0,1834, 
328130,루닛,28995240,0,18238, 
474170,루미르,17727696,0,2097, 
058470,리노공업,15242370,0,34676, 
012700,리드코프,26446135,0,1063, 
302550,리메드,30638080,0,1076, 
377450,리파인,17330000,0,2251, 
277070,린드먼아시아,13692000,0,636, 
042500,링네트,19070134,0,934, 
219420,링크제니시스,11469507,0,739, 
439090,마녀공장,16378260,0,3090, 
195500,마니커에프앤지,15978000,0,496, 
098120,마이크로컨텍솔,8312766,0,760, 
038290,마크로젠,10841400,0,1716, 
267980,매일유업,7843638,0,2733, 
093520,매커스,16163092,0,1627, 
100590,머큐리,15830023,0,637, 
067280,멀티캠퍼스,5926779,0,1863, 
072870,메가스터디,11920959,0,1285, 
215200,메가스터디교육,11461955,0,4533, 
133750,메가엠디,23407077,0,517, 
446540,메가터치,20771000,0,756, 
041920,메디아나,18598223,0,921, 
086900,메디톡스,7298497,0,9101, 
138040,메리츠금융지주,190720114,0,238400, 
241770,메카로,10192640,0,1029, 
059210,메타바이오메드,23862351,0,1028, 
058110,멕아이씨에스,16050530,0,323, 
017180,명문제약,33953454,0,570, 
009900,명신산업,52470133,0,5215, 
012690,모나리자,36571255,0,1084, 
005360,모나미,18897307,0,394, 
070960,모나용평,48133333,0,1908, 
434480,모니터랩,12253300,0,566, 
417970,모델솔루션,6396700,0,783, 
080160,모두투어,18900000,0,1922, 
087260,모바일어플라이언스,32552861,0,712, 
101330,모베이스,23147029,0,707, 
012860,모베이스전자,73233457,0,1067, 
363260,모비데이즈,32163769,0,675, 
348030,모비릭스,9603800,0,484, 
250060,모비스,32171314,0,897, 
288980,모아데이타,34556562,0,468, 
009680,모토닉,28050000,0,2513, 
118990,모트렉스,24861990,0,2682, 
463480,모티브링크,12390358,0,2601, 
006920,모헨즈,10920000,0,337, 
009580,무림P&P,62368324,0,1712, 
001810,무림SP,22137500,0,338, 
009200,무림페이퍼,41609310,0,877, 
033920,무학,28500000,0,1849, 
008420,문배철강,20503505,0,499, 
095500,미래나노텍,31009999,0,2803, 
254490,미래반도체,14438000,0,1905, 
218150,미래생명자원,20415802,0,812, 
100790,미래에셋벤처투자,53124634,0,2741, 
085620,미래에셋생명,177016189,0,8470, 
006800,미래에셋증권,585316408,0,50688, 
049950,미래컴퍼니,8817884,0,2085, 
207760,미스터블루,83079783,0,929, 
002840,미원상사,4750000,0,8611, 
003650,미창석유,1739672,0,1565, 
059090,미코,33416778,0,3087, 
201490,미투온,30390092,0,534, 
475460,미트박스,5587025,0,581, 
452200,민테크,22162300,0,1000, 
418470,밀리의서재,8499289,0,1297, 
206640,바디텍메드,23486560,0,3781, 
053030,바이넥스,32684188,0,5915, 
377740,바이오노트,102056048,0,4806, 
064550,바이오니아,25810291,0,4090, 
314930,바이오다인,29764103,0,4193, 
038460,바이오스마트,26164438,0,813, 
251120,바이오에프디엔씨,8695700,0,1217, 
199730,바이오인프라,4864367,0,285, 
099430,바이오플러스,59765709,0,4141, 
043150,바텍,14854256,0,3074, 
003610,방림,40202158,0,1513, 
001340,백광산업,44918407,0,3292, 
046310,백금T&A,16418641,0,419, 
035150,백산,21250000,0,3210, 
331520,밸로프,50864390,0,519, 
199480,뱅크웨어글로벌,10101638,0,520, 
382900,범한퓨얼셀,8761000,0,1290, 
019010,베뉴지,48200000,0,968, 
457600,벡트,13707500,0,585, 
007210,벽산,67560000,0,1466, 
225530,보광산업,36338727,0,1671, 
250000,보라티알,6750733,0,696, 
002760,보락,59900000,0,652, 
003850,보령,86787207,0,9008, 
006910,보성파워텍,49129824,0,1464, 
000890,보해양조,139120129,0,651, 
003000,부광약품,68454671,0,3405, 
001270,부국증권,10369886,0,2810, 
026940,부국철강,20000000,0,501, 
011390,부산산업,1056000,0,801, 
100120,뷰웍스,10001865,0,2210, 
406820,뷰티스킨,3534040,0,448, 
337930,브랜드엑스코퍼레이션,29311547,0,2031, 
099390,브레인즈컴퍼니,8208283,0,461, 
064480,브리지텍,11952500,0,690, 
089970,브이엠,24075595,0,2190, 
251630,브이원텍,15942886,0,800, 
018290,브이티,35798007,0,13263, 
478560,블랙야크아이앤씨,24292555,0,845, 
439580,블루엠텍,11170221,0,1249, 
033560,블루콤,17100000,0,588, 
126340,비나텍,6085118,0,1627, 
318410,비비씨,5555243,0,433, 
100220,비상교육,12996741,0,640, 
419540,비스토스,22992511,0,384, 
146320,비씨엔씨,12797923,0,1507, 
413640,비아이매트릭스,7206940,0,627, 
141000,비아트론,12114710,0,930, 
090460,비에이치,34464379,0,5462, 
083650,비에이치아이,30944375,0,6498, 
086670,비엠티,9125174,0,803, 
335890,비올,58419125,0,4959, 
082920,비츠로셀,22872213,0,6015, 
042370,비츠로테크,26200025,0,2119, 
032850,비트컴퓨터,16623293,0,829, 
093190,빅솔론,19238905,0,961, 
065450,빅텍,28652800,0,1201, 
005180,빙그레,9851241,0,8895, 
451250,삐아,10089877,0,980, 
143240,사람인,11709263,0,2107, 
466410,사이냅소프트,5037023,0,841, 
003960,사조대림,9164467,0,3940, 
008040,사조동아원,141144600,0,1411, 
007160,사조산업,5000000,0,1747, 
014710,사조씨푸드,17218543,0,928, 
006090,사조오양,9422739,0,832, 
452430,사피엔반도체,8096454,0,1376, 
419120,산돌,7774326,0,537, 
062040,산일전기,30445200,0,21676, 
122350,삼기,38339428,0,488, 
419050,삼기이브이,57196240,0,998, 
018310,삼목에스폼,14700000,0,2984, 
053700,삼보모터스,22877190,0,1011, 
023600,삼보판지,16170000,0,1316, 
028050,삼성E&A,196000000,0,36201, 
006400,삼성SDI,68764530,0,159189, 
006660,삼성공조,8126314,0,1098, 
028260,삼성물산,169976544,0,219099, 
207940,삼성바이오로직스,71174000,0,823483, 
032830,삼성생명,200000000,0,180600, 
018260,삼성에스디에스,77377800,0,99817, 
009150,삼성전기,74693696,0,106961, 
005930,삼성전자,2147483647,0,1249835, 
010140,삼성중공업,880000000,0,117656, 
016360,삼성증권,89300000,0,42417, 
068290,삼성출판사,10000000,0,1626, 
029780,삼성카드,115858891,0,51209, 
000810,삼성화재,47374837,0,184524, 
006110,삼아알미늄,14711916,0,5002, 
009300,삼아제약,6370000,0,1045, 
145990,삼양사,10313449,0,4718, 
003230,삼양식품,7533015,0,68249, 
482630,삼양엔씨켐,10830140,0,2550, 
002170,삼양통상,3000000,0,1434, 
272550,삼양패키징,15788671,0,2301, 
000070,삼양홀딩스,8564271,0,5395, 
003720,삼영,34000000,0,1620, 
002810,삼영무역,18466948,0,2391, 
054540,삼영엠텍,13000000,0,636, 
005680,삼영전자,20000000,0,2080, 
004380,삼익THK,21000000,0,2751, 
004440,삼일씨엔에스,12731947,0,582, 
000520,삼일제약,21691811,0,2674, 
037460,삼지전자,16318522,0,1489, 
032750,삼진,9031122,0,379, 
005500,삼진제약,13900000,0,2460, 
000250,삼천당제약,23457472,0,42199, 
004690,삼천리,4055025,0,3661, 
024950,삼천리자전거,13273577,0,568, 
038500,삼표시멘트,107916306,0,3399, 
437730,삼현,31707567,0,4058, 
046390,삼화네트웍스,43172933,0,581, 
009470,삼화전기,6613820,0,2761, 
001820,삼화콘덴서,10395000,0,3139, 
000390,삼화페인트,27203469,0,1776, 
027580,상보,59181279,0,771, 
038540,상상인,55328313,0,792, 
041650,상신브레이크,21471450,0,638, 
091580,상신이디피,13328219,0,1127, 
263810,상신전자,14244718,0,409, 
089980,상아프론테크,15989037,0,2580, 
042600,새로닉스,12423574,0,1254, 
107600,새빗켐,4981545,0,1001, 
411080,샌즈랩,15248638,0,1320, 
252990,샘씨엔에스,58388063,0,3018, 
007540,샘표,2875800,0,1186, 
248170,샘표식품,4568286,0,1212, 
038070,서린바이오,8900676,0,633, 
006730,서부T&D,65926923,0,3744, 
100660,서암기계공업,12600000,0,481, 
007860,서연,23479844,0,1655, 
200880,서연이화,27028437,0,3438, 
019770,서연탑메탈,11650000,0,429, 
017390,서울가스,5000000,0,2452, 
046890,서울반도체,58305400,0,4192, 
063170,서울옥션,17774267,0,1221, 
021050,서원,47474590,0,617, 
093920,서원인텍,18600000,0,1004, 
178320,서진시스템,56247954,0,13555, 
140070,서플러스글로벌,36988000,0,1039, 
065710,서호전기,5150000,0,1171, 
008490,서흥,11569113,0,1955, 
035890,서희건설,229808457,0,3633, 
357550,석경에이티,5455000,0,2798, 
003100,선광,6600000,0,1041, 
171090,선익시스템,9537005,0,4525, 
136490,선진,23779604,0,1374, 
086710,선진뷰티사이언스,12203280,0,1357, 
014620,성광벤드,27928547,0,7247, 
037350,성도이엔지,15470000,0,648, 
004980,성신양회,24516073,0,1860, 
458650,성우,15045670,0,2654, 
081580,성우전자,15508143,0,466, 
015750,성우하이텍,80000000,0,4264, 
365340,성일하이텍,12148000,0,5047, 
043260,성호전자,61002189,0,746, 
148150,세경하이테크,35860429,0,3066, 
017510,세명전기,15246000,0,870, 
004360,세방,19308690,0,2359, 
004490,세방전지,14000000,0,10990, 
011560,세보엠이씨,10530000,0,1079, 
396300,세아메카닉스,26489500,0,619, 
001430,세아베스틸지주,35862119,0,7115, 
306200,세아제강,2836300,0,4416, 
003030,세아제강지주,4141657,0,9380, 
019440,세아특수강,8570000,0,1136, 
058650,세아홀딩스,4000000,0,3756, 
100700,세운메디칼,43800000,0,1092, 
067830,세이브존I&C,41040895,0,845, 
075580,세진중공업,56849456,0,4923, 
053450,세코닉스,14792803,0,1070, 
252500,세화피앤씨,41486390,0,360, 
347000,센코,33004976,0,739, 
471820,셀로맥스사이언스,11644079,0,620, 
108860,셀바스AI,26914790,0,4029, 
208370,셀바스헬스케어,25740564,0,1269, 
318160,셀바이오휴먼텍,9260901,0,352, 
308430,셀비온,12801009,0,1999, 
068270,셀트리온,214108119,0,381540, 
068760,셀트리온제약,41603587,0,21800, 
032680,소프트센,105590764,0,357, 
336370,솔루스첨단소재,70217344,0,7211, 
248070,솔루엠,50005551,0,9311, 
035610,솔본,27345997,0,1133, 
357780,솔브레인,7778566,0,15424, 
036830,솔브레인홀딩스,20964056,0,7955, 
304100,솔트룩스,12130568,0,3378, 
328380,솔트웨어,34262778,0,314, 
004430,송원산업,24000000,0,3031, 
086980,쇼박스,62638000,0,2095, 
050960,수산아이앤티,6751000,0,1113, 
126720,수산인더스트리,14286000,0,3150, 
017550,수산중공업,62399130,0,1335, 
298830,슈어소프트테크,52619061,0,2857, 
236200,슈프리마,7193273,0,1920, 
094840,슈프리마에이치큐,10471840,0,690, 
192440,슈피겐코리아,6216363,0,1479, 
099440,스맥,40243394,0,1470, 
053210,스카이라이프,47522955,0,2171, 
330730,스톤브릿지벤처스,18150830,0,713, 
352090,스톰테크,26872998,0,900, 
253450,스튜디오드래곤,30058498,0,14788, 
408900,스튜디오미르,32706134,0,1040, 
415380,스튜디오삼익,4225498,0,340, 
026890,스틱인베스트먼트,41678175,0,3538, 
013810,스페코,14655470,0,545, 
020710,시공테크,20047970,0,743, 
033170,시그네틱스,85728319,0,785, 
048870,시너지이노베이션,82708344,0,2423, 
025320,시노펙스,87991570,0,5103, 
134790,시디즈,2000000,0,485, 
056090,시지메드텍,103259036,0,1019, 
462870,시프트업,58334720,0,36400, 
016590,신대양제지,40297820,0,2429, 
029530,신도리코,10080029,0,3855, 
004970,신라교역,16000000,0,1400, 
416180,신성에스티,9039778,0,3615, 
011930,신성이엔지,205848151,0,2669, 
005390,신성통상,143708390,0,3154, 
004170,신세계,9845181,0,14669, 
035510,신세계 I&C,15268540,0,2015, 
031430,신세계인터내셔날,35700000,0,3834, 
031440,신세계푸드,3872480,0,1233, 
006880,신송홀딩스,11828858,0,863, 
162300,신스틸,41471382,0,1011, 
002800,신신제약,15170500,0,808, 
001720,신영증권,16440000,0,13875, 
009270,신원,102586356,0,1404, 
002700,신일전자,71047521,0,1056, 
012790,신일제약,11986415,0,779, 
138070,신진에스엠,17503204,0,448, 
055550,신한지주,503445325,0,239891, 
056700,신화인터텍,29135091,0,490, 
243840,신흥에스이씨,38919035,0,1965, 
257720,실리콘투,61171908,0,20676, 
222800,심텍,31854143,0,6093, 
160980,싸이맥스,10924243,0,1237, 
356890,싸이버원,11916325,0,404, 
004770,써니전자,36702884,0,805, 
099320,쎄트렉아이,10951278,0,5826, 
049960,쎌바이오텍,9400000,0,1300, 
088280,쏘닉스,17306490,0,530, 
403550,쏘카,32841902,0,5110, 
050890,쏠리드,61095231,0,4533, 
394800,쓰리빌리언,31684010,0,1932, 
177900,쓰리에이로직스,9366800,0,893, 
475400,씨메스,11608430,0,4109, 
109670,씨싸이트,5836602,0,448, 
222080,씨아이에스,77371839,0,6499, 
352480,씨앤씨인터내셔널,10013941,0,3850, 
264660,씨앤지하이테크,9627896,0,1647, 
352700,씨앤투스,27276899,0,711, 
458870,씨어스테크놀로지,12590880,0,1862, 
297090,씨에스베어링,27270000,0,1696, 
112610,씨에스윈드,42171403,0,18196, 
359090,씨엔알리서치,56725891,0,606, 
115480,씨유메디칼,60624558,0,371, 
096530,씨젠,52225994,0,12351, 
101240,씨큐브,10340947,0,408, 
060590,씨티씨바이오,24181020,0,1726, 
260930,씨티케이,19341591,0,909, 
013990,아가방컴퍼니,32887536,0,1844, 
123860,아나패스,12123415,0,2467, 
025980,아난티,88629478,0,5370, 
008700,아남전자,77124820,0,1384, 
125210,아모그린텍,16496790,0,1153, 
002790,아모레G,82458180,0,18223, 
090430,아모레퍼시픽,58492759,0,69723, 
357580,아모센스,11220264,0,703, 
074430,아미노로직스,87826844,0,833, 
083930,아바코,14912798,0,2548, 
149950,아바텍,15607500,0,1448, 
036010,아비코전자,13292934,0,824, 
002030,아세아,2099584,0,5406, 
183190,아세아시멘트,37836486,0,3855, 
002310,아세아제지,42782510,0,3170, 
050860,아세아텍,22500000,0,462, 
136410,아셈스,11019106,0,815, 
450950,아스테라시스,36514642,0,3118, 
159010,아스플로,13334739,0,696, 
267850,아시아나IDT,11100000,0,1346, 
020560,아시아나항공,205990711,0,22246, 
143160,아이디스,10716390,0,1738, 
122900,아이마켓코리아,33428840,0,2664, 
339950,아이비김영,44946655,0,1042, 
469750,아이비젼웍스,33936481,0,393, 
460470,아이빔테크놀로지,15084370,0,820, 
099190,아이센스,27641273,0,4574, 
461300,아이스크림미디어,13077933,0,1823, 
289010,아이스크림에듀,12864037,0,295, 
214430,아이쓰리시스템,7106760,0,4519, 
040910,아이씨디,18574275,0,1136, 
368600,아이씨에이치,17538346,0,573, 
456010,아이씨티케이,13276856,0,1225, 
464500,아이언디바이스,13963263,0,706, 
010780,아이에스동서,30186976,0,5690, 
212710,아이에스티이,8999478,0,1939, 
461030,아이엠비디엑스,14017750,0,1703, 
451220,아이엠티,7874611,0,848, 
031310,아이즈비전,25334636,0,472, 
462980,아이지넷,18234437,0,690, 
059100,아이컴포넌트,7070860,0,357, 
262840,아이퀘스트,19290000,0,490, 
052460,아이크래프트,14607936,0,372, 
119830,아이텍,21434297,0,1307, 
084850,아이티엠반도체,22682934,0,3012, 
114840,아이패밀리에스씨,17241944,0,4025, 
027360,아주IB투자,120945406,0,2987, 
013310,아진산업,38806582,0,1053, 
059120,아진엑스텍,9748596,0,790, 
158430,아톤,24798851,0,1651, 
200350,아티스트스튜디오,9996025,0,1349, 
001540,안국약품,13042420,0,860, 
053800,안랩,11126506,0,8712, 
001780,알루코,96830132,0,2183, 
260660,알리코제약,15327021,0,566, 
354320,알멕,6391381,0,1789, 
361570,알비더블유,28743291,0,873, 
131370,알서포트,53267083,0,1568, 
140670,알에스오토메이션,9303140,0,1657, 
061040,알에프텍,32089259,0,1163, 
196170,알테오젠,53318828,0,209009, 
314140,알피바이오,8666361,0,453, 
018250,애경산업,26409935,0,3597, 
161000,애경케미칼,48648709,0,3716, 
310200,애니플러스,45520979,0,1292, 
052790,액토즈소프트,11330638,0,861, 
129890,앱코,50643410,0,501, 
255440,야스,13058000,0,1055, 
030960,양지사,15980000,0,1569, 
102120,어보브반도체,17780753,0,2325, 
238120,얼라인드,14378896,0,443, 
019990,에너토크,9756088,0,569, 
270660,에브리봇,12261742,0,2234, 
038680,에스넷,19549677,0,850, 
137310,에스디바이오센서,124477353,0,13194, 
042110,에스씨디,48329564,0,687, 
260970,에스앤디,2892754,0,1735, 
101490,에스앤에스텍,21451447,0,6885, 
031330,에스에이엠티,99995067,0,2734, 
060540,에스에이티,26133306,0,422, 
056190,에스에프에이,35908760,0,7325, 
005850,에스엘,46448520,0,16117, 
246250,에스엘에스바이오,15348206,0,271, 
041510,에스엠,23353627,0,23236, 
007820,에스엠코어,20033946,0,963, 
464080,에스오에스랩,17681830,0,2328, 
109610,에스와이,48907400,0,2012, 
012750,에스원,37999178,0,23369, 
306040,에스제이그룹,9865828,0,459, 
398120,에스지헬스케어,11074700,0,397, 
475660,에스켐,7929835,0,448, 
234300,에스트래픽,27809848,0,1117, 
039440,에스티아이,15830000,0,3601, 
237690,에스티팜,20152888,0,16686, 
288620,에스퓨얼셀,6979316,0,623, 
443670,에스피소프트,24201392,0,2371, 
317830,에스피시스템스,10773818,0,1012, 
058610,에스피지,22177360,0,6398, 
163280,에어레인,8174789,0,1087, 
298690,에어부산,116640000,0,2694, 
200710,에이디테크놀로지,13440822,0,2721, 
475580,에이럭스,13574900,0,1972, 
078520,에이블씨엔씨,26014161,0,1899, 
298380,에이비엘바이오,48281942,0,18878, 
241840,에이스토리,9539994,0,903, 
453860,에이에스텍,5657215,0,1074, 
172670,에이엘티,8960259,0,1120, 
445090,에이직랜드,10871660,0,4000, 
295310,에이치브이엠,11901931,0,3392, 
072990,에이치시티,7287341,0,617, 
044990,에이치엔에스하이텍,8036064,0,1377, 
239610,에이치엘사이언스,5392115,0,615, 
148930,에이치와이티씨,10175213,0,409, 
376270,에이치이엠파마,6962039,0,1223, 
357230,에이치피오,42089487,0,1136, 
071670,에이테크솔루션,10000000,0,654, 
045660,에이텍,8260000,0,2581, 
224110,에이텍모빌리티,5340000,0,1066, 
021080,에이티넘인베스트,48000000,0,1060, 
262260,에이프로,14468152,0,810, 
397030,에이프릴바이오,22435596,0,4083, 
244920,에이플러스에셋,22607693,0,939, 
278470,에이피알,37241555,0,20706, 
230240,에치에프알,13309000,0,2927, 
230360,에코마케팅,31468029,0,2942, 
038870,에코바이오,14014949,0,559, 
448280,에코아이,9877043,0,2034, 
101360,에코앤드림,17786114,0,5140, 
086520,에코프로,133138340,0,89468, 
450080,에코프로머티,69738568,0,66879, 
247540,에코프로비엠,97801344,0,134379, 
383310,에코프로에이치엔,20974932,0,6869, 
038110,에코플라스틱,41169370,0,1103, 
064850,에프앤가이드,11410332,0,832, 
036810,에프에스티,21756789,0,5025, 
083500,에프엔에스테크,8575722,0,969, 
950130,엑세스바이오,37727832,0,2022, 
205100,엑셈,71963431,0,1579, 
356680,엑스게이트,28543492,0,2543, 
317770,엑스페릭스,24152670,0,805, 
092870,엑시콘,13050797,0,1794, 
317870,엔바이오니아,8506750,0,1260, 
067570,엔브이에이치코리아,42170000,0,942, 
236810,엔비티,16975426,0,566, 
333620,엔시스,10556344,0,944, 
036570,엔씨소프트,21954022,0,39012, 
265740,엔에프씨,8931800,0,442, 
455900,엔젤로보틱스,14991131,0,4354, 
419080,엔젯,10565477,0,1063, 
085310,엔케이,79983352,0,714, 
069410,엔텔스,10244824,0,426, 
291230,엔피,44095775,0,890, 
198080,엔피디,21535185,0,549, 
290650,엘앤씨바이오,22684891,0,5228, 
066970,엘앤에프,36297174,0,33175, 
083310,엘오티베큠,17810033,0,1829, 
037950,엘컴텍,84447519,0,929, 
170920,엘티씨,9805620,0,1021, 
058630,엠게임,19543877,0,1024, 
058970,엠로,12211391,0,8804, 
097520,엠씨넥스,17977732,0,4305, 
179290,엠아이텍,32365678,0,2851, 
484870,엠앤씨솔루션,9153900,0,6398, 
009780,엠에스씨,17600000,0,1082, 
123040,엠에스오토텍,69172213,0,1895, 
432980,엠에프씨,8591742,0,370, 
413390,엠오티,11580180,0,739, 
033160,엠케이전자,22066331,0,1924, 
347890,엠투아이,16913204,0,962, 
259630,엠플러스,12282402,0,1002, 
060850,영림원소프트랩,8131000,0,455, 
014440,영보화학,20000000,0,816, 
111770,영원무역,44311468,0,19541, 
009970,영원무역홀딩스,13635592,0,11999, 
003520,영진약품,182892731,0,3804, 
000670,영풍,1842040,0,7626, 
265560,영화테크,10690180,0,809, 
053280,예스24,25000000,0,1123, 
015360,예스코홀딩스,6000000,0,3180, 
007310,오뚜기,4007830,0,15730, 
322310,오로스테크놀로지,9366542,0,2341, 
475830,오름테라퓨틱,20929118,0,7063, 
014940,오리엔탈정공,45573661,0,2378, 
271560,오리온,39536132,0,42699, 
001800,오리온홀딩스,62645422,0,9891, 
010470,오리콤,11975050,0,926, 
053980,오상자이엘,18982783,0,671, 
036220,오상헬스케어,14489416,0,2189, 
052420,오성첨단소재,90289754,0,1381, 
226400,오스테오닉,20661601,0,1551, 
080580,오킨스전자,17679298,0,1094, 
067170,오텍,15391605,0,495, 
353590,오토앤,12875570,0,550, 
440320,오픈놀,9805000,0,867, 
049480,오픈베이스,31422383,0,807, 
309930,오하임앤컴퍼니,21290990,0,441, 
476060,온코닉테라퓨틱스,10803960,0,1661, 
382150,온코크로스,11881937,0,1526, 
057540,옴니시스템,61449355,0,461, 
131030,옵투스제약,16153162,0,1077, 
109080,옵티시스,5636000,0,512, 
380540,옵티코어,29899596,0,415, 
122990,와이솔,27671533,0,1665, 
232140,와이씨,82045350,0,10140, 
112290,와이씨켐,10110545,0,2507, 
067900,와이엔텍,18199659,0,1172, 
155650,와이엠씨,19474358,0,701, 
273640,와이엠텍,10966000,0,1256, 
251370,와이엠티,16314464,0,1786, 
209640,와이제이링크,14221573,0,1567, 
096250,와이즈넛,13065612,0,1835, 
273060,와이즈버즈,50459582,0,411, 
019210,와이지-원,33573819,0,1812, 
122870,와이지엔터테인먼트,18691049,0,10822, 
011690,와이투솔루션,36574394,0,956, 
332570,와이팜,43658624,0,1816, 
079000,와토스코리아,7200000,0,377, 
403490,우듬지팜,45212464,0,660, 
316140,우리금융지주,742591501,0,127874, 
032820,우리기술,163055858,0,3489, 
041190,우리기술투자,84000000,0,5611, 
115440,우리넷,10794292,0,796, 
046970,우리로,43824999,0,613, 
082850,우리바이오,48456578,0,1305, 
215360,우리산업,9132163,0,920, 
072470,우리산업홀딩스,18887341,0,470, 
073560,우리손에프앤지,69237643,0,913, 
037400,우리엔터프라이즈,26223346,0,306, 
153490,우리이앤엘,51480000,0,371, 
101170,우림피티에스,13500000,0,756, 
066590,우수AMS,39073104,0,1189, 
017370,우신시스템,18314054,0,1058, 
103840,우양,16366428,0,493, 
046940,우원개발,18074350,0,524, 
065680,우주일렉트로,9530000,0,2496, 
105840,우진,20323614,0,1658, 
457550,우진엔텍,9271339,0,1882, 
016880,웅진,79927080,0,725, 
095720,웅진씽크빅,115505985,0,1853, 
396470,워트,16120000,0,1445, 
307280,원바이오젠,36959013,0,416, 
032940,원익,18193230,0,849, 
240810,원익IPS,49083901,0,13129, 
074600,원익QnC,26288000,0,5638, 
104830,원익머트리얼즈,12608000,0,2855, 
014190,원익큐브,35399906,0,704, 
030530,원익홀딩스,77237981,0,3352, 
382840,원준,15271581,0,1824, 
336570,원텍,89340619,0,5619, 
376980,원티드랩,9754994,0,725, 
008370,원풍,12000000,0,484, 
101160,월덱스,16510993,0,3100, 
336060,웨이버스,48155200,0,643, 
289930,웨이비스,12519593,0,1337, 
069080,웹젠,34950884,0,4840, 
053580,웹케시,13636248,0,1344, 
044340,위닉스,17873425,0,1059, 
330350,위더스제약,13202139,0,854, 
348350,위드텍,10183600,0,765, 
112040,위메이드,33948483,0,13239, 
101730,위메이드맥스,82935616,0,7182, 
123420,위메이드플레이,11469842,0,890, 
038620,위즈코프,71807899,0,602, 
036090,위지트,118392284,0,902, 
459100,위츠,12572000,0,1001, 
136540,윈스,12279746,0,1331, 
192390,윈하이텍,11032229,0,432, 
033270,유나이티드제약,16333822,0,3132, 
014830,유니드,6767600,0,5041, 
446070,유니드비티플러스,10611215,0,408, 
036200,유니셈,30664223,0,2204, 
000910,유니온,15611619,0,941, 
203450,유니온커뮤니티,14079007,0,413, 
011330,유니켐,96997167,0,1441, 
077500,유니퀘스트,21600102,0,1524, 
011320,유니크,19320695,0,697, 
086390,유니테스트,21134126,0,2815, 
241690,유니테크노,24470706,0,726, 
142210,유니트론텍,19246092,0,1097, 
389680,유디엠텍,40012799,0,286, 
088340,유라클,4330068,0,499, 
048430,유라테크,11520000,0,899, 
206650,유바이오로직스,36534307,0,4237, 
089850,유비벨록스,14730199,0,982, 
032620,유비케어,52197139,0,1868, 
264450,유비쿼스,14918383,0,1115, 
078070,유비쿼스홀딩스,18150700,0,1796, 
054930,유신,3000000,0,729, 
049520,유아이엘,21784936,0,933, 
003470,유안타증권,199596576,0,5349, 
072130,유엔젤,13195454,0,698, 
000220,유유제약,17032351,0,775, 
023410,유진기업,77310863,0,2597, 
056080,유진로봇,37512152,0,3364, 
084370,유진테크,22916042,0,10209, 
001200,유진투자증권,96866418,0,2596, 
221800,유투바이오,11287196,0,311, 
000100,유한양행,80209064,0,98175, 
372170,윤성에프앤씨,7979048,0,3407, 
008730,율촌화학,24800000,0,8022, 
025820,이구산업,33442000,0,1498, 
067920,이글루,10996119,0,561, 
044960,이글벳,12641883,0,578, 
303530,이노뎁,7339299,0,542, 
296640,이노룰스,5178252,0,336, 
302430,이노메트리,9833208,0,773, 
214320,이노션,40000000,0,7624, 
462350,이노스페이스,9375694,0,1870, 
073490,이노와이어리스,7603846,0,1691, 
088390,이녹스,9385844,0,848, 
272290,이녹스첨단소재,20227658,0,5754, 
452400,이닉스,9071428,0,871, 
264850,이랜시스,30294612,0,1666, 
054210,이랜텍,25291210,0,1184, 
065440,이루온,27275020,0,414, 
139480,이마트,27875819,0,21771, 
131400,이브이첨단소재,59589882,0,1257, 
351330,이삭엔지니어링,8288520,0,714, 
080010,이상네트웍스,9835071,0,527, 
457190,이수스페셜티케미컬,30208280,0,16433, 
086890,이수앱지스,35903722,0,1791, 
007660,이수페타시스,63246419,0,25741, 
005950,이수화학,22722739,0,1599, 
047560,이스트소프트,11617642,0,2735, 
239340,이스트에이드,26979634,0,436, 
067010,이씨에스,12294000,0,378, 
456070,이엔셀,10766177,0,2228, 
102710,이엔에프테크놀로지,14287836,0,3550, 
123570,이엠넷,22276078,0,579, 
095190,이엠코리아,65260462,0,1425, 
091120,이엠텍,17132936,0,3709, 
102460,이연제약,18586811,0,2392, 
039030,이오테크닉스,12319550,0,18873, 
084680,이월드,141806193,0,2032, 
353810,이지바이오,34191720,0,1685, 
099750,이지케어텍,6834776,0,1251, 
377330,이지트로닉스,8139954,0,373, 
035810,이지홀딩스,65145845,0,1824, 
041830,인바디,13683782,0,3503, 
277410,인산가,38356789,0,499, 
060150,인선이엔티,46563612,0,2560, 
033230,인성정보,50515380,0,946, 
450520,인스웨이브시스템즈,14704578,0,673, 
465480,인스피언,10137772,0,894, 
100030,인지소프트,3283714,0,532, 
023800,인지컨트롤스,15809197,0,980, 
034590,인천도시가스,4374754,0,1067, 
211050,인카금융서비스,51379800,0,2928, 
216050,인크로스,12843222,0,963, 
049070,인탑스,17200000,0,3440, 
129260,인터지스,29747874,0,721, 
051370,인터플렉스,23327472,0,2486, 
064290,인텍플러스,12863962,0,1813, 
189300,인텔리안테크,10733334,0,4078, 
048530,인트론바이오,34150762,0,1485, 
023810,인팩,10000000,0,593, 
039290,인포뱅크,8693978,0,630, 
071200,인피니트헬스케어,24396458,0,1078, 
101930,인화정공,9615733,0,3379, 
333430,일승,30726747,0,1358, 
068330,일신바이오,44216140,0,466, 
003200,일신방직,22960000,0,1889, 
007110,일신석재,77456610,0,1680, 
007570,일양약품,19085664,0,2149, 
019540,일지테크,13513500,0,567, 
081000,일진다이아,14202975,0,1803, 
103590,일진전기,47685390,0,14591, 
094820,일진파워,15078709,0,1409, 
271940,일진하이솔루스,36313190,0,5911, 
015860,일진홀딩스,49347483,0,1860, 
226320,잇츠한불,21929315,0,2644, 
950140,잉글우드랩,19867866,0,1766, 
389020,자람테크놀로지,6197730,0,2829, 
043910,자연과환경,113391457,0,676, 
289220,자이언트스텝,22312221,0,1521, 
317400,자이에스앤디,38782520,0,1376, 
033240,자화전자,22155870,0,3197, 
049630,재영솔루텍,83668507,0,586, 
079900,전진건설로봇,14592545,0,8303, 
208140,정다운,32684246,0,818, 
040420,정상제이엘에스,15677552,0,893, 
217190,제너셈,8769174,0,855, 
122310,제노레이,14553844,0,825, 
361390,제노코,7500789,0,1371, 
381620,제닉스,13117920,0,1481, 
159580,제로투세븐,20032636,0,1234, 
147830,제룡산업,20000000,0,1272, 
033100,제룡전기,16062409,0,6585, 
079370,제우스,31016990,0,4875, 
054950,제이브이엠,12089892,0,2677, 
090470,제이스텍,17476594,0,875, 
137950,제이씨케미칼,22267814,0,841, 
033320,제이씨현시스템,19114432,0,1137, 
417500,제이아이테크,32784744,0,1185, 
204270,제이앤티씨,57848466,0,14462, 
194370,제이에스코퍼레이션,13679615,0,2076, 
452160,제이엔비,9617527,0,653, 
126880,제이엔케이글로벌,23204903,0,858, 
094970,제이엠티,16748240,0,460, 
418550,제이오,32017673,0,4376, 
420570,제이투케이바이오,5732807,0,527, 
089790,제이티,10315513,0,482, 
030000,제일기획,115041225,0,20845, 
271980,제일약품,14704872,0,1661, 
412540,제일엠앤에스,20600665,0,1547, 
199820,제일일렉트릭,22220000,0,2446, 
038010,제일테크노스,9000000,0,603, 
002620,제일파마홀딩스,15973355,0,1172, 
080220,제주반도체,34442833,0,5841, 
006220,제주은행,32128774,0,2663, 
089590,제주항공,80640985,0,5975, 
216080,제테마,35844518,0,2347, 
004910,조광페인트,12800000,0,755, 
001550,조비,5192239,0,569, 
462520,조선내화,11855168,0,1769, 
120030,조선선재,1257651,0,1218, 
067000,조이시티,69903446,0,1160, 
018470,조일알미늄,126631721,0,2083, 
185750,종근당,13802780,0,11249, 
001630,종근당홀딩스,5009861,0,2289, 
033340,좋은사람들,96950558,0,643, 
036930,주성엔지니어링,47268321,0,17300, 
072020,중앙백신,9658687,0,966, 
000440,중앙에너비스,6227130,0,933, 
013890,지누스,22254576,0,4442, 
043610,지니뮤직,58115438,0,1246, 
263860,지니언스,9079600,0,1031, 
303030,지니틱스,35745668,0,373, 
144510,지씨셀,15800344,0,3799, 
382480,지아이텍,39357140,0,854, 
382800,지앤비에스 에코,31631041,0,1265, 
051160,지어소프트,15474430,0,1326, 
053050,지에스이,29987597,0,917, 
119850,지엔씨에너지,16448909,0,2717, 
071320,지역난방공사,11578744,0,5210, 
311320,지오엘리먼트,12614560,0,1034, 
388050,지투파워,18709437,0,1609, 
086060,진바이오텍,8610587,0,282, 
036890,진성티이씨,22482268,0,2165, 
007370,진양제약,13001226,0,809, 
010640,진양폴리,10000000,0,749, 
100250,진양홀딩스,55895292,0,1735, 
272450,진에어,52200000,0,5246, 
285800,진영,17477270,0,431, 
002780,진흥기업,145471745,0,1224, 
085660,차바이오텍,56314443,0,6836, 
351870,차이커뮤니케이션,11160642,0,1244, 
094850,참좋은여행,14000000,0,798, 
278280,천보,10000000,0,4100, 
362320,청담글로벌,20551290,0,1220, 
033250,체시스,32000000,0,416, 
094360,칩스앤미디어,20823124,0,4023, 
035720,카카오,443675123,0,177026, 
293490,카카오게임즈,82866437,0,13648, 
323410,카카오뱅크,476976137,0,115189, 
377300,카카오페이,134646864,0,42817, 
140430,카티스,19102219,0,469, 
042000,카페24,24253054,0,13048, 
050110,캠시스,73824118,0,595, 
452300,캡스톤파트너스,14096380,0,406, 
078340,컴투스,12737755,0,5980, 
063080,컴투스홀딩스,6595192,0,1760, 
307930,컴퍼니케이,15610000,0,849, 
214370,케어젠,53715000,0,14691, 
192250,케이사인,7067125,0,619, 
431190,케이쓰리아이,7486442,0,397, 
029460,케이씨,13554044,0,2614, 
115500,케이씨에스,12000000,0,1460, 
281820,케이씨텍,20861556,0,7937, 
089150,케이씨티,17150000,0,415, 
025880,케이씨피드,16715858,0,475, 
093320,케이아이엔엑스,4880000,0,3821, 
073010,케이에스피,40191250,0,1814, 
105330,케이엔더블유,16060028,0,591, 
053080,케이엔솔,12999807,0,1842, 
432470,케이엔에스,8674556,0,1000, 
272110,케이엔제이,8025395,0,1337, 
039420,케이엘넷,24154730,0,617, 
083550,케이엠,12374226,0,394, 
102370,케이옥션,27229210,0,950, 
068100,케이웨더,9939614,0,319, 
381970,케이카,48182073,0,6393, 
036030,케이티알파,49019283,0,1862, 
064820,케이프,30901728,0,2048, 
024880,케이피에프,20682798,0,898, 
274090,켄코아에어로스페이스,12958362,0,1875, 
089010,켐트로닉스,15334346,0,3894, 
220260,켐트로스,26558307,0,1249, 
052400,코나아이,14563291,0,3932, 
391710,코닉오토메이션,42065086,0,796, 
047770,코데즈컴바인,37842602,0,544, 
104540,코렌텍,12785740,0,806, 
027050,코리아나,40000000,0,980, 
007810,코리아써키트,23620751,0,3032, 
123410,코리아에프티,27841064,0,1252, 
003690,코리안리,194821031,0,16014, 
049430,코메론,9048000,0,945, 
183300,코미코,10460684,0,4963, 
089890,코세스,16584962,0,1484, 
360350,코셈,5704970,0,393, 
192820,코스맥스,11349509,0,18295, 
241710,코스메카코리아,10680000,0,5051, 
005070,코스모신소재,32510756,0,18401, 
005420,코스모화학,38408228,0,8084, 
355150,코스텍시스,7797350,0,504, 
029960,코엔텍,50000000,0,4335, 
002020,코오롱,12626426,0,2170, 
138490,코오롱ENP,38000000,0,2321, 
450140,코오롱모빌리티그룹,62777250,0,1669, 
120110,코오롱인더,27519091,0,9590, 
021240,코웨이,72563745,0,60010, 
033290,코웰패션,56156301,0,1215, 
056360,코위버,9796800,0,578, 
282880,코윈테크,11141807,0,1832, 
448710,코츠테크놀로지,5260589,0,1011, 
126730,코칩,8503460,0,1122, 
015710,코콤,17530500,0,773, 
052330,코텍,16527174,0,1403, 
322780,코퍼스코리아,37932613,0,340, 
200130,콜마비앤에이치,29415558,0,3879, 
024720,콜마홀딩스,34296259,0,2407, 
294570,쿠콘,10254685,0,2038, 
192400,쿠쿠홀딩스,35562185,0,7877, 
284740,쿠쿠홈시스,22437330,0,4622, 
432720,퀄리타스반도체,13929192,0,2238, 
060280,큐렉소,41089990,0,3948, 
445680,큐리옥스바이오시스템즈,16124158,0,2496, 
182360,큐브엔터,14571557,0,2335, 
405100,큐알티,12289301,0,1743, 
066310,큐에스아이,9271621,0,852, 
016600,큐캐피탈,178247112,0,481, 
264900,크라운제과,12523850,0,1014, 
005740,크라운해태홀딩스,14847347,0,812, 
259960,크래프톤,47907674,0,156897, 
096240,크레버스,11138180,0,1662, 
110790,크리스에프앤씨,23430960,0,1163, 
214150,클래시스,65505659,0,38517, 
237880,클리오,18071353,0,3541, 
020120,키다리스튜디오,37063766,0,1278, 
039490,키움증권,25526706,0,30683, 
054780,키이스트,19547793,0,937, 
219130,타이거일렉,6314290,0,839, 
336680,탑런토탈솔루션,19572779,0,1898, 
360070,탑머티리얼,8076743,0,2907, 
065130,탑엔지니어링,17189982,0,822, 
134580,탑코미디어,22025767,0,436, 
014580,태경비케이,27583100,0,1312, 
015890,태경산업,29228750,0,1424, 
006890,태경케미컬,11600000,0,1386, 
023160,태광,26500000,0,5816, 
003240,태광산업,1113400,0,8038, 
011280,태림포장,70805940,0,1419, 
323280,태성,25890730,0,8828, 
044490,태웅,20007381,0,2654, 
124560,태웅로직스,38416584,0,1140, 
191420,테고사이언스,8108834,0,1456, 
066700,테라젠이텍스,32474435,0,1013, 
095610,테스,19768226,0,4467, 
055490,테이팩스,4769650,0,710, 
089030,테크윙,37353645,0,17257, 
054450,텔레칩스,15144233,0,2541, 
214420,토니모리,24054799,0,1808, 
393210,토마토시스템,15614544,0,1010, 
475960,토모큐브,13047594,0,2366, 
051360,토비스,16167058,0,3052, 
108230,톱텍,38023245,0,1840, 
417790,트루엔,10999650,0,1176, 
026150,특수건설,17546331,0,1200, 
464280,티디에스팜,5530000,0,790, 
033830,티비씨,100000000,0,814, 
204610,티쓰리,64211720,0,1120, 
064760,티씨케이,11675000,0,10017, 
340570,티앤엘,8128000,0,6274, 
277880,티에스아이,20160832,0,1512, 
131290,티에스이,11061429,0,5386, 
019180,티에이치엔,18000000,0,562, 
425420,티에프이,11381000,0,2152, 
356860,티엘비,9832630,0,2133, 
091810,티웨이항공,215378976,0,5815, 
425040,티이엠씨,21316062,0,1954, 
241790,티이엠씨씨엔에스,10002634,0,599, 
104480,티케이케미칼,90895434,0,1399, 
081150,티플랙스,24268402,0,762, 
084730,팅크웨어,11109424,0,1076, 
034230,파라다이스,91771623,0,9966, 
214450,파마리서치,10509600,0,30267, 
005690,파미셀,60016964,0,6781, 
177830,파버나인,13288753,0,404, 
037070,파세코,20000000,0,1072, 
150900,파수,11685422,0,583, 
037030,파워넷,21878974,0,553, 
368770,파이버프로,32854225,0,2128, 
170790,파이오링크,6856330,0,563, 
387570,파인메딕스,5625900,0,464, 
441270,파인엠텍,36987901,0,2134, 
140860,파크시스템스,6987577,0,15128, 
091700,파트론,57000000,0,4280, 
318010,팜스빌,7929338,0,297, 
027710,팜스토리,111416600,0,1374, 
004720,팜젠사이언스,18201304,0,804, 
068050,팬엔터테인먼트,27694076,0,710, 
028670,팬오션,534569512,0,19992, 
271830,팸텍,29490202,0,503, 
010820,퍼스텍,48771938,0,1675, 
016800,퍼시스,11500000,0,4824, 
263750,펄어비스,64247855,0,21330, 
251970,펌텍코리아,12400000,0,5369, 
168360,펨트론,21288284,0,2352, 
119500,포메탈,11847232,0,438, 
389140,포바이포,11112735,0,787, 
105760,포스뱅크,9463460,0,556, 
022100,포스코DX,152034729,0,40061, 
058430,포스코스틸리온,6000000,0,2484, 
009520,포스코엠텍,41642703,0,6063, 
047050,포스코인터내셔널,175922788,0,81892, 
003670,포스코퓨처엠,77463220,0,112863, 
189690,포시에스,27321969,0,591, 
256630,포인트엔지니어링,57997072,0,686, 
472850,폰드그룹,32343933,0,1859, 
039980,폴라리스AI,72357508,0,2300, 
041910,폴라리스AI파마,13501607,0,911, 
234100,폴라리스세원,65524325,0,749, 
041020,폴라리스오피스,49725498,0,3341, 
114630,폴라리스우노,77757548,0,404, 
005670,푸드웰,10000000,0,622, 
094940,푸른기술,8361386,0,624, 
007330,푸른저축은행,15082800,0,1245, 
017810,풀무원,38120542,0,6068, 
023900,풍국주정,12600000,0,1161, 
103140,풍산,28024278,0,17010, 
005810,풍산홀딩스,14417292,0,4072, 
370090,퓨런티어,8556830,0,1955, 
445180,퓨릿,16769188,0,1113, 
220100,퓨쳐켐,22102155,0,5514, 
321260,프로이천,28192084,0,696, 
053610,프로텍,11000000,0,3047, 
377220,프롬바이오,28310000,0,554, 
053160,프리엠스,6000000,0,712, 
075130,플랜티넷,16622320,0,423, 
237820,플레이디,12827140,0,814, 
032580,피델릭스,33132064,0,445, 
051380,피씨디렉트,15340072,0,463, 
460940,피앤에스미캐닉스,6471740,0,1069, 
319660,피에스케이,28966714,0,6111, 
031980,피에스케이홀딩스,21562395,0,9778, 
043370,피에이치에이,21000000,0,2207, 
239890,피엔에이치테크,9935755,0,793, 
347740,피엔케이피부임상연구센타,30010576,0,702, 
137400,피엔티,23743086,0,11539, 
147760,피엠티,10819866,0,337, 
128660,피제이메탈,24803369,0,787, 
006140,피제이전자,15000000,0,883, 
376180,피코그램,18491378,0,468, 
087600,픽셀플러스,8166558,0,613, 
378340,필에너지,21285882,0,3446, 
161580,필옵틱스,22850180,0,10202, 
347770,핌스,22857042,0,362, 
163730,핑거,9365608,0,815, 
417180,핑거스토리,16816209,0,402, 
086790,하나금융지주,287240880,0,178951, 
067310,하나마이크론,66271949,0,7813, 
166090,하나머티리얼즈,19777674,0,6724, 
293480,하나제약,17772946,0,1867, 
039130,하나투어,16039185,0,9110, 
136480,하림,106209702,0,3154, 
003380,하림지주,112005621,0,6104, 
450330,하스,7836009,0,738, 
149980,하이로닉,18594363,0,1256, 
013030,하이록코리아,12295442,0,3411, 
352820,하이브,41652097,0,102255, 
126700,하이비젼시스템,14942112,0,2868, 
071090,하이스틸,20191471,0,617, 
106190,하이텍팜,10633173,0,1576, 
000080,하이트진로,70133611,0,13605, 
000140,하이트진로홀딩스,23206765,0,2058, 
066130,하츠,12800000,0,714, 
004590,한국가구,15000000,0,627, 
036460,한국가스공사,92313000,0,31986, 
039340,한국경제TV,23000000,0,1255, 
005430,한국공항,3166355,0,1693, 
071050,한국금융지주,55725992,0,45472, 
034950,한국기업평가,4540514,0,4050, 
025540,한국단자,10415000,0,7832, 
222980,한국맥널티,11031483,0,432, 
010100,한국무브넥스,30450420,0,1641, 
256840,한국비엔씨,67912443,0,2947, 
004090,한국석유,12694120,0,1692, 
025550,한국선재,25514004,0,952, 
002200,한국수출포장,40000000,0,1090, 
002960,한국쉘석유,1300000,0,4134, 
017890,한국알콜,21605760,0,1849, 
000240,한국앤컴퍼니,94935240,0,15265, 
123890,한국자산신탁,123977752,0,3198, 
015760,한국전력,641964077,0,140590, 
063570,한국전자금융,34147728,0,1671, 
041460,한국전자인증,19000000,0,634, 
053300,한국정보인증,42441361,0,2026, 
025770,한국정보통신,37444271,0,2916, 
023350,한국종합기술,10950000,0,604, 
000970,한국주철관,22800500,0,1409, 
104700,한국철강,36450000,0,2956, 
017960,한국카본,51908452,0,7988, 
054040,한국컴퓨터,16071290,0,788, 
161890,한국콜마,23605077,0,13879, 
161390,한국타이어앤테크놀로지,123875069,0,47877, 
034830,한국토지신탁,252489230,0,2545, 
032300,한국파마,10906701,0,1773, 
047810,한국항공우주,97475107,0,60142, 
123690,한국화장품,16068000,0,1074, 
003350,한국화장품제조,4532000,0,2207, 
030520,한글과컴퓨터,24179744,0,5452, 
052600,한네트,11563700,0,506, 
011500,한농화성,15637042,0,2908, 
002390,한독,13763533,0,1619, 
092460,한라IMS,17109680,0,1503, 
053690,한미글로벌,10957550,0,1954, 
042700,한미반도체,96614259,0,102314, 
008930,한미사이언스,68391550,0,19696, 
128940,한미약품,12810991,0,34397, 
452190,한빛레이저,23162757,0,1359, 
009240,한샘,23533928,0,11072, 
452280,한선엔지니어링,17136600,0,1268, 
020000,한섬,22437747,0,3711, 
003680,한성기업,6209515,0,301, 
066980,한성크린텍,51935125,0,812, 
105630,한세실업,40000000,0,5076, 
016450,한세예스24홀딩스,40000000,0,1604, 
009180,한솔로지스틱스,28155825,0,637, 
114810,한솔아이원스,29113174,0,2329, 
213500,한솔제지,23800576,0,2111, 
014680,한솔케미칼,11335195,0,13398, 
004710,한솔테크닉스,32109878,0,1387, 
004150,한솔홀딩스,41026620,0,1015, 
011700,한신기계,32446151,0,1108, 
430690,한싹,10895327,0,569, 
078350,한양디지텍,15244382,0,1710, 
045100,한양이엔지,18000000,0,3123, 
001750,한양증권,12728534,0,1554, 
018880,한온시스템,678762552,0,30578, 
009420,한올바이오파마,52240638,0,20452, 
320000,한울반도체,27965627,0,643, 
014130,한익스프레스,12000000,0,431, 
024740,한일단조,32897049,0,689, 
005860,한일사료,39403685,0,1505, 
300720,한일시멘트,69261540,0,11026, 
006390,한일현대시멘트,19327672,0,2727, 
003300,한일홀딩스,30832884,0,4273, 
051600,한전KPS,45000000,0,19552, 
052690,한전기술,38220000,0,26257, 
130660,한전산업,32600000,0,3827, 
107640,한중엔시에스,9057946,0,2459, 
002320,한진,14947628,0,2937, 
180640,한진칼,66762279,0,56147, 
079170,한창산업,5200000,0,358, 
372910,한컴라이프케어,27674406,0,963, 
457370,한켐,8027134,0,861, 
000880,한화,74958735,0,32232, 
452260,한화갤러리아,193859610,0,2483, 
489790,한화비전,50488390,0,23855, 
088350,한화생명,868530000,0,22755, 
000370,한화손해보험,116738915,0,4803, 
009830,한화솔루션,171892536,0,36183, 
272210,한화시스템,188919389,0,63287, 
012450,한화에어로스페이스,45581161,0,300835, 
082740,한화엔진,83447142,0,19359, 
042660,한화오션,306413394,0,223681, 
003530,한화투자증권,214547775,0,7755, 
195870,해성디에스,17000000,0,5015, 
034810,해성산업,32556857,0,2002, 
101530,해태제과식품,29116822,0,1828, 
220180,핸디소프트,19408000,0,478, 
214180,헥토이노베이션,13124613,0,1542, 
234340,헥토파이낸셜,9453000,0,1392, 
000720,현대건설,111355765,0,39308, 
170030,현대공업,15340000,0,816, 
453340,현대그린푸드,33135540,0,4599, 
086280,현대글로비스,75000000,0,100425, 
079430,현대리바트,20535282,0,1568, 
012330,현대모비스,92995094,0,236672, 
319400,현대무벡스,117845901,0,4625, 
052260,현대바이오랜드,30000000,0,1437, 
069960,현대백화점,22628813,0,13034, 
004560,현대비앤지스틸,15078811,0,2029, 
004310,현대약품,32000000,0,1108, 
041440,현대에버다임,17915944,0,1727, 
039010,현대에이치티,8625000,0,533, 
017800,현대엘리베이,39092385,0,21305, 
307950,현대오토에버,27423982,0,38091, 
011210,현대위아,27195083,0,11639, 
090850,현대이지웰,23746361,0,1222, 
004020,현대제철,133445785,0,35296, 
005440,현대지에프홀딩스,155904301,0,8543, 
005380,현대차,209416191,0,431397, 
001500,현대차증권,31712562,0,2013, 
011760,현대코퍼레이션,13228966,0,3055, 
227840,현대코퍼레이션홀딩스,9100836,0,957, 
126560,현대퓨처넷,110202945,0,3994, 
001450,현대해상,89400000,0,21456, 
057050,현대홈쇼핑,12000000,0,6288, 
460930,현대힘스,35392271,0,6388, 
092300,현우산업,18672816,0,502, 
003010,혜인,12712747,0,678, 
111110,호전실업,9749984,0,722, 
008770,호텔신라,39248121,0,16405, 
039610,화성밸브,10410400,0,883, 
378850,화승알앤에이,18993623,0,577, 
006060,화승인더,55320000,0,2754, 
013520,화승코퍼레이션,50051252,0,807, 
010690,화신,34920410,0,2601, 
127980,화인써키트,11840684,0,734, 
061250,화일약품,82874653,0,986, 
010660,화천기계,22000000,0,686, 
000850,화천기공,2200000,0,667, 
016580,환인제약,18600070,0,2140, 
032560,황금에스티,17000000,0,873, 
004800,효성,16740407,0,8144, 
094280,효성ITX,11558200,0,1374, 
097870,효성오앤비,8490000,0,565, 
298040,효성중공업,9324548,0,44851, 
298020,효성티앤씨,4327682,0,10343, 
298000,효성화학,3791811,0,1528, 
093370,후성,107255330,0,5373, 
081660,휠라홀딩스,60095839,0,22806, 
290270,휴네시온,9607672,0,335, 
005870,휴니드,14116015,0,1171, 
353190,휴럼,39378420,0,298, 
078590,휴림에이텍,56210338,0,358, 
205470,휴마시스,129375009,0,2138, 
200670,휴메딕스,11229930,0,4407, 
079980,휴비스,34500000,0,891, 
065510,휴비츠,12159371,0,958, 
005010,휴스틸,56188075,0,2449, 
243070,휴온스,11979665,0,3072, 
084110,휴온스글로벌,12636820,0,4486, 
145020,휴젤,12604033,0,38883, 
024060,흥구석유,15000000,0,1782, 
010240,흥국,12322696,0,639, 
189980,흥국에프엔비,40137827,0,708, 
000540,흥국화재,64242645,0,2113, 
003280,흥아해운,240424899,0,4315, 
037440,희림,13922475,0,789, 
238490,힘스,11312236,0,447, 
